Slope: 0.0423160998241342 
Slope: 0.0423160998241342
Intercept: -323.3077926833059
R²: 0.9938698175513061
Linear region from index 0 to 2000
