Slope: 2.003666024376533 
Slope: 2.003666024376533
Intercept: 49728.27246899914
R²: 0.9622771497378078
Linear region from index 0 to 1000
