Slope: 0.025043859252879996 
Slope: 0.025043859252879996
Intercept: 117.40152552623024
R²: 0.9887771079541962
Linear region from index 0 to 1500
