Slope: 0.03472258653212047 
Slope: 0.03472258653212047
Intercept: 373.6126023763574
R²: 0.9414485157795324
Linear region from index 0 to 1500
