Slope: 0.023282523540053668 
Slope: 0.023282523540053668
Intercept: -127.92978946278285
R²: 0.9818190360964232
Linear region from index 0 to 1593
