Slope: 0.16133108975076482 
Slope: 0.16133108975076482
Intercept: 140347.05947863215
R²: 0.07593940343996841
Linear region from index 0 to 2500
