Slope: 0.0312974503397222 
Slope: 0.0312974503397222
Intercept: -62.702950740558784
R²: 0.9908183145394216
Linear region from index 0 to 1500
