Slope: 0.025674826193931688 
Slope: 0.025674826193931688
Intercept: 158.9600730121031
R²: 0.9625747720772032
Linear region from index 0 to 1500
