Slope: 0.0012659073692551828 
Slope: 0.0012659073692551828
Intercept: -14.184435860929545
R²: 0.988330633384939
Linear region from index 0 to 2349
