Slope: 0.0016525912307250434 
Slope: 0.0016525912307250434
Intercept: -52.04943579587297
R²: 0.9934582368948962
Linear region from index 523 to 1523
