Slope: 0.07668165566236185 
Slope: 0.07668165566236185
Intercept: 14436.168911763958
R²: 0.8959537909285574
Linear region from index 120 to 2500
