Slope: 0.5044199486535427 
Slope: 0.5044199486535427
Intercept: 40.202569183540156
R²: 0.9866729718167286
Linear region from index 78 to 378
